1	4148313160	3660396412	1	495646
2	8577952707	7946517939	1	349279
3	2151565459	1841098402	1	887722
4	73441287	65836625	1	390776
5	2013479207	1427553589	2	776
6	8370565973	8368030564	1	916606
7	9077405026	3121044107	1	284015
8	1847774891	515408409	1	107615
9	4917482181	4838138357	2	847
10	4721151331	227192334	2	72
11	3103213098	1383502843	1	957115
12	4719991254	1524268257	1	488701
13	5260328961	2859098955	2	516
14	1364428740	761912407	1	537204
15	9618162907	1638000664	1	482714
16	7779449915	7677799913	2	869
17	8759846583	8355638283	2	59
18	6085117944	391119589	2	374
19	3834132222	1643400041	1	450455
20	9300861839	8459361680	1	499180
21	546613556	347352119	2	216
22	5042434742	2841474359	1	167519
23	3129990447	709805616	1	606969
24	3352303352	3220492368	1	724398
25	295106093	2286035	1	106987
26	540708482	160251735	1	58164
27	2664673638	933675733	2	795
28	4095425392	1597346690	2	144
29	4088298981	600350564	1	908966
30	7816751879	4500845594	1	89176
31	5799368674	2978486328	1	621915
32	6959006672	646926621	2	956
33	6001182661	5072705264	1	533040
34	2292826991	410459557	2	340
35	1760298990	1007998937	1	216835
36	8063653074	2149224023	2	480
37	2077946319	1229493366	1	875016
38	7417179578	357140503	2	568
39	9081125634	5265912555	1	501239
40	7395014392	956200335	1	217882
41	2393404722	135361305	1	108514
42	401631751	30974646	1	200479
43	4394431804	1445364384	2	428
44	1563562111	853640767	2	324
45	9077169998	7608271460	1	572272
46	2990461279	2214268055	2	990
47	8513603800	4519016919	2	139
48	6797674916	3258931932	2	770
49	1007113599	902153227	1	166315
50	2010263679	195810610	2	514
51	6406950383	2246995625	2	233
52	8252593358	7345348928	1	65074
53	8288375266	5885477960	1	852293
54	9209828219	468843786	2	103
55	7621248377	5346439888	2	666
56	2104291838	134490480	2	242
57	3718270254	140184521	2	90
58	8056355090	6416232095	1	223616
59	947704384	756019588	1	806494
60	1372079237	1045094035	2	762
61	2611796480	486006398	1	258411
62	9254084952	2281312261	2	179
63	370106094	247197869	1	727491
64	5447460264	1246052846	1	231586
65	2382718125	1043495623	2	330
66	857715771	757949218	1	318885
67	2232629979	610241080	1	373818
68	9935169823	8020984515	2	562
69	8465372248	817480899	1	126663
70	3452797997	2623389381	1	616266
71	9338490031	6372531900	1	807126
72	7018069405	5171611159	1	721699
73	5074357536	4172114105	1	632116
74	2377498973	568518553	2	98
75	9381442306	6534800574	2	730
76	9959856271	241246255	2	285
77	3790865496	1485836926	1	12433
78	4678257511	2984386809	2	480
79	1092359346	208020491	1	520252
80	4751949123	4617194318	2	219
81	6157986553	355566388	1	644728
82	9905548956	3409148646	2	182
83	4417675901	1788157837	1	459122
84	9746603258	206158675	2	776
85	6194316349	5883117253	1	149244
86	6595963338	2527918751	2	219
87	2334733554	970234353	2	579
88	8833139921	2588385748	1	127176
89	379319560	116586435	2	700
90	267201363	141303589	1	441489
91	1843450228	1026456176	2	955
92	4823961436	3367330683	2	691
93	2748652570	1963062071	1	825911
94	5391224705	3886376274	2	354
95	2187799152	1114878914	2	274
96	799338248	787197473	1	739334
97	1407241349	1125712326	1	211221
98	3483611540	410784628	1	641340
99	4785588358	557344769	2	489
100	4744966081	4127212322	1	121969
101	3963525917	3381951863	2	456
102	9247216216	3774787290	2	907
103	4778988730	2275469995	2	217
104	54673180	1123948	1	994272
105	9599606265	2890671942	2	971
106	4155741854	1225059030	2	94
107	2864584229	705333730	1	470478
108	7766880241	1193810073	2	379
109	3824238901	1051117515	1	171389
110	947322526	574910084	2	237
111	5954427543	977235691	1	858380
112	2510115818	1564314047	2	254
113	5420734036	1259382610	1	729472
114	4460437387	2203843539	2	192
115	6258418719	4857334961	1	266066
116	4528562568	1954664640	1	286986
117	2853866453	2121971311	2	59
118	9797694366	422073683	1	297139
119	6192356330	1149235010	2	273
120	5814167925	3878230684	1	340923
121	4931908045	1853282918	1	620110
122	5174789471	127021464	2	255
123	709459604	452385954	1	151923
124	6309204353	4949195927	2	697
125	8806966586	2739202917	1	661511
126	9396506287	2880540004	1	66439
127	8055069466	2594058175	1	467957
128	5612505965	4361305767	2	235
129	6213338294	1037554663	2	49
130	4827410892	4515130407	2	383
131	3942114650	177801006	1	562679
132	3168177252	1215744276	1	124347
133	7113145508	678422569	2	148
134	5242704268	3216497656	2	989
135	201022212	68266695	1	857150
136	1564176458	1130287871	1	764902
137	1331104570	1098717908	2	627
138	6889912359	533269181	2	179
139	1689314577	209186491	1	641626
140	1890415514	1102845289	2	503
141	954384554	707007132	2	164
142	35318727	19862277	1	536405
143	3503825643	2543505883	2	566
144	4742122766	1892789465	2	461
145	3566809568	2496653427	1	291456
146	3515657255	1771917740	2	562
147	1030704491	148620732	2	765
148	3835423283	1018883409	2	945
149	461491913	20514325	1	471296
150	9882428940	1822465823	2	40
151	130000884	78732586	1	667576
152	4329155563	3748009985	1	135715
153	7767736863	2204418065	2	434
154	9310511513	9022657613	2	364
155	5799303463	1866552908	1	548225
156	3858357597	1054276179	1	789793
157	9530714774	6274741931	1	552305
158	1211509024	473077275	1	627910
159	8432928176	2842890375	2	699
160	143132238	21070905	2	952
161	1759712650	1475689763	1	73790
162	6392116656	858688272	2	337
163	8509116387	5239840931	1	68039
164	3917583241	1175992157	1	522531
165	1218277903	120468200	1	130910
166	4855202471	1185341176	2	285
167	6094922996	4761452680	2	736
168	2974178422	158640389	1	688243
169	1733806174	333848794	2	352
170	2321449264	1207620779	1	597243
171	2095705698	1541634648	2	782
172	8550240331	1115193599	1	318891
173	7056803079	3149028029	1	781440
174	6191871167	2307951241	1	554615
175	3994936085	3060926437	2	983
176	5275263873	3702887314	2	388
177	7786464074	7446728314	1	514588
178	3686434948	3235227770	1	639514
179	5053548143	2727681005	1	935572
180	3903889307	1697763600	2	563
181	6925928305	977134083	2	496
182	1150541074	470670809	1	560436
183	8323374293	5755167550	1	207396
184	2203417539	1955034687	1	664661
185	9200239361	208650883	2	168
186	3638710612	3572128888	2	904
187	4907530024	3522078364	1	530298
188	1566184624	1524701601	1	651982
189	4300011196	2099385330	1	40788
190	6473684970	2672970452	1	850687
191	2783798212	2348021521	1	937386
192	729914363	249000573	2	663
193	1006936702	4815022	1	312049
194	9599792854	2475250762	2	151
195	8819019019	5035620383	2	258
196	6802852934	3354078444	2	546
197	6714567316	5077266581	2	802
198	6099345422	5464895530	1	105588
199	2574780194	1640077729	2	488
200	1499712065	590846545	1	577151
201	434510699	11260990	2	141
202	8842823139	867804956	1	7404
203	9068792037	2212255923	2	504
204	132925682	52522665	2	240
205	8692581056	6874393740	2	105
206	806409603	241185597	1	927356
207	478658610	325846007	1	234701
208	6879748344	4438143715	2	931
209	4402797770	681134948	2	586
210	1996767845	1912643925	2	364
211	2031812134	1640050362	1	550898
212	6837192112	4131207121	2	980
213	6396723960	1525669613	2	617
214	4460056333	1058856113	1	983879
215	6588238521	3767848334	2	139
216	1274646868	1206849442	1	181765
217	6299074469	6295057918	1	930484
218	2087209419	540742891	2	637
219	7001755644	5405687148	2	521
220	3205723205	1382027904	2	731
221	6350867408	2583043356	2	440
222	1115732020	425607803	1	464085
223	1999120986	199721151	1	402577
224	5397226059	4221918850	2	419
225	5383453775	3566454244	1	152863
226	6756692103	741153614	2	361
227	1570457007	845027376	2	317
228	6329673593	436708701	2	321
229	4790589886	2637357128	1	999324
230	6823483742	4016788173	2	264
231	9654261828	173282594	2	948
232	7027678836	3094152386	1	431674
233	8287885313	7958387776	1	831179
234	5981346918	519127379	1	927482
235	1791856001	1182027235	2	369
236	3466403535	429002226	1	98949
237	1774232723	372632342	2	3
238	7129696187	2317160827	1	899340
239	4592152036	2523991979	1	654879
240	6472355828	4265382452	1	880867
241	4652876728	3437625280	2	712
242	4595839939	1358345457	2	965
243	4539780455	1737276105	2	897
244	4580196383	2348696072	1	77823
245	5941005954	116730314	1	412956
246	3247876316	2320693157	1	829356
247	8283595828	7280705864	2	49
248	2501661894	1380006067	1	398725
249	4359732611	2153253456	2	174
250	8170812321	2516182802	1	205308
251	711717896	182733530	1	380895
252	9983498644	9940810588	1	98622
253	8794597819	8205288446	2	154
254	3937509498	1007670669	1	444160
255	1954362774	144669202	1	320871
256	7531229937	2459941617	2	437
257	103240266	99512971	1	337001
258	3337632959	2140186759	1	649547
259	7122518803	6613492442	1	244948
260	1276825742	1032169783	2	529
261	8058873156	5620409995	2	402
262	9737444980	7097411554	1	879833
263	6272166629	4207217298	2	635
264	7669534883	2389192802	2	359
265	3728915694	1903351063	1	715619
266	4740760784	1641468477	1	979822
267	5410405118	637662198	1	686573
268	1454869456	47720758	1	760427
269	2784658242	1257253445	2	450
270	3452153028	150206720	1	679302
271	7336507058	5950157192	2	793
272	8499653821	1837501034	1	105143
273	6322113171	1859121680	1	609065
274	243066624	127959559	1	727203
275	8354935701	4646953893	2	323
276	7910093553	3333568125	1	859373
277	6308593583	3163122447	1	743688
278	3538931434	3141035168	1	50157
279	1482960708	269283351	1	515303
280	4608977495	984190668	1	676421
281	8141544734	5683270223	1	384961
282	678858118	447532572	1	837302
283	2186756139	2141504589	2	820
284	5040932498	4975582475	2	811
285	1922392925	1428137104	2	527
286	5165176596	2747670678	1	237815
287	2674880641	2458342418	2	869
288	3493024759	35585580	2	84
289	2571011680	727973267	1	729415
290	2484489042	510761387	2	738
291	3039662069	905375552	1	674763
292	9703894274	4165330572	1	945075
293	8459615780	6489202180	2	55
294	8528854465	304129839	2	295
295	1766260080	889132618	1	115682
296	9980371135	3605673449	1	573302
297	6751863925	6365369504	1	235874
298	3875078931	1645049008	1	423178
299	3159962296	929650469	1	547452
300	9263255725	1120417552	1	463728
301	5405004258	2814840949	1	739098
302	9786689143	1183501503	2	25
303	6133329407	342144848	2	641
304	6272273900	4394187892	1	932777
305	5326403442	4219007978	1	512172
306	5583009281	727539743	2	484
307	3562127720	768004248	2	897
308	1220484879	866041485	2	495
309	151304719	36704313	2	170
310	3836068818	916398472	2	335
311	1381899929	328562371	1	439545
312	7653125374	1838441520	1	229117
313	9285720788	4766808897	1	512929
314	6532869763	3964217650	1	763475
315	7058186641	1016063718	1	928177
316	3001388466	2694770349	2	700
317	2312812020	398947454	2	525
318	3316442016	2676888809	2	393
319	9826352305	6460455250	2	433
320	1945200289	103058802	2	697
321	1843105857	1613537390	2	127
322	3305606806	606892442	1	643256
323	2241301070	373455082	1	147413
324	2657718228	322202912	1	776769
325	8852325018	3007988006	1	193356
326	2919475280	535276224	2	419
327	7132153639	5119050873	2	26
328	3335410609	2366604793	1	296896
329	7439120146	1022279954	2	672
330	106859404	55029511	2	784
331	9875710685	5861397033	2	912
332	5005228868	279815392	1	998752
333	4973970619	3703251213	1	780873
334	6207482366	1143915979	1	676484
335	2913381511	2401215881	1	690330
336	7048274979	6516944766	1	693695
337	2211056882	883834258	2	490
338	4462207820	3713275701	1	948088
339	6154367979	3714963165	2	163
340	2646314141	2377668882	1	940841
341	6125680088	3060785409	1	575507
342	4164186835	297642620	1	505890
343	3426861556	2603968295	1	575294
344	4893469899	3178827008	2	954
345	6029672244	1827686330	1	595121
346	988671025	410267961	1	135648
347	2512971262	1819520197	2	123
348	2678877359	1598867090	1	755877
349	5426352428	4893638521	2	858
350	8149212930	974414270	2	477
351	327868994	241951455	2	812
352	6102913402	1807282417	1	489161
353	3712073399	1974899520	1	202556
354	7835354599	6108178113	2	571
355	3480154989	1322360293	1	9046
356	5755800761	3146735910	2	911
357	4434561343	3261576744	1	96039
358	1011214154	339705256	1	259570
359	4509131758	1502575502	1	443245
360	839027257	793633546	1	242287
361	9824099326	6000725292	1	295041
362	8107442740	2435759283	2	745
363	1087295071	876986472	1	975121
364	8771447842	1826394846	1	96370
365	1139096912	965316842	1	829548
366	5614956323	1011454406	1	70970
367	9307980261	7454085834	1	988452
368	1053614978	47199425	2	42
369	4389234299	2494919375	1	897936
370	328018732	163490430	2	46
371	924985078	635816951	2	41
372	9150907703	3775853016	1	790759
373	4941137124	4145900631	1	601976
374	6506910424	510521336	2	834
375	5355273146	1386492104	1	508928
376	1220775053	141488297	2	375
377	9568369216	3401383896	1	581526
378	3594418904	2175693277	2	755
379	7000237047	6714196271	2	89
380	6526708014	3305159636	2	560
381	1994675891	411723063	1	79144
382	2021895249	1922374223	2	78
383	2451434356	2356558313	1	471979
384	7274796124	5836359484	1	606201
385	6521361892	1272916529	1	194631
386	9633057169	5230866299	1	237430
387	5937853461	5872010662	2	728
388	3777168704	1026949433	1	10720
389	9893244975	8660000354	2	287
390	9884053154	2717613460	2	749
391	681974224	192946696	1	394308
392	526475106	444383800	1	837119
393	7781524636	1552817168	1	393013
394	5397700695	2075542468	1	602179
395	2327830357	489366029	1	190904
396	3985680240	1153753750	1	651069
397	6077540418	2848052575	2	602
398	3343494285	307739549	1	417005
399	4486432436	171415367	1	904193
400	7973981586	5558127673	1	379524
401	3561597650	3451847206	1	161754
402	7660584477	2130614684	2	488
403	1062580903	1018877996	2	827
404	8731858682	4866336543	2	683
405	6152214169	805569668	2	605
406	8572719017	3166216117	1	979159
407	3866906025	3521441377	1	633431
408	4693868687	572780521	2	320
409	7460842815	7036704488	1	436606
410	3625800148	3578643194	2	984
411	1506582078	543425741	1	648110
412	7035999156	3952520739	1	899767
413	1597933712	1354269601	1	260566
414	770183797	494997002	1	405373
415	2977902243	1916969589	1	523881
416	7714167403	2589390575	2	641
417	515594909	400264327	2	377
418	7780885714	5613820705	2	176
419	6456074519	6301946742	2	527
420	7286239157	478943527	1	366420
421	3455231672	1905077824	1	326853
422	5217975788	3402341169	1	761726
423	5551528948	356249273	2	314
424	8002244959	704229726	1	535032
425	8542620026	626604041	1	196302
426	1251482065	1194495291	1	256555
427	6721940080	5991626391	2	543
428	4340626700	694990558	1	234800
429	6929738256	2319164291	1	349356
430	4143184126	4033306725	1	217059
431	9021577990	2822825811	2	109
432	6818165009	5745813349	1	128196
433	4156198974	1454518315	1	176119
434	4596630462	2272204057	2	984
435	1092597679	202904027	1	158726
436	1117816857	362225803	1	99506
437	2384900554	612179582	1	331941
438	5865870307	379809096	2	434
439	9970482576	5611397338	2	548
440	5881926186	1028940720	1	55455
441	2485724258	2280912830	2	363
442	7791589567	2966790841	1	37126
443	5404617788	4839133564	1	92655
444	1659416943	309445821	1	672309
445	4847188472	2995222939	1	614896
446	9987757564	1974756395	2	342
447	8438817959	7016489546	1	393275
448	6297408001	6129727058	2	867
449	986442980	400106586	1	248794
450	6738562705	456581612	1	909614
451	7287374334	4944743905	2	879
452	126720774	95658163	2	346
453	892423478	563737630	2	321
454	1518766757	444381222	1	17958
455	7356359765	5510824792	2	474
456	2275796630	1541365777	1	33846
457	2165871487	1684159373	1	163806
458	3163420046	654153987	2	527
459	2689506240	1394172330	1	543281
460	8269458882	618928816	2	920
461	3543331396	1727352201	1	280668
462	7815086762	5873050467	2	120
463	4034355173	3313314505	1	87786
464	6373882203	6253661129	1	562113
465	4184258880	1320134518	1	676797
466	680405219	192290083	1	231983
467	9277456763	2034608394	1	292736
468	9705281425	2503193877	2	828
469	6796116219	3618651058	1	917877
470	6291462508	6276372711	2	883
471	8145196410	5891418482	2	698
472	8680474906	1447690518	2	80
473	7432739236	4617733001	2	339
474	3904790115	1394854145	2	125
475	344495901	109382098	2	656
476	7564004518	1854288476	2	27
477	9812383915	3658688345	2	940
478	1406410556	238003101	1	497920
479	6514729048	999702633	2	430
480	7273609450	1756222808	2	524
481	2197607762	1320725596	1	115970
482	9984095400	3400914432	1	672680
483	1052334027	673929742	1	636568
484	3016779452	927621611	2	721
485	8559125365	1255071265	2	394
486	6129411557	2534262513	2	197
487	3102149829	517399036	2	904
488	2281945215	634551029	2	978
489	4032893910	1108536744	1	228597
490	5965396892	5329556639	2	726
491	2316076259	1042309220	2	38
492	6410706966	6292078807	1	950549
493	7593172629	370386848	1	145066
494	478767230	171137876	1	608134
495	1181534961	844904544	2	286
496	3081721566	1093946088	2	763
497	8025223570	784040816	2	293
498	1718902234	1136961128	1	239830
499	2358009303	36200037	2	766
500	8025415200	100588881	2	571
501	3084862537	285477517	2	53
502	1022560791	124547389	1	672656
503	8121804792	2275879472	1	588892
504	2726775831	1405553826	2	83
505	1742286132	1199309886	2	138
506	9031253652	8684777684	1	565589
507	6783230350	2910103218	1	504249
508	997919121	540220406	2	745
509	1878343918	1610863305	1	666868
510	4260001098	4012460966	2	318
511	5260964612	3193325538	2	437
512	983149501	439393539	2	874
513	4960164199	1415912653	1	289910
514	2088305414	371215154	1	246579
515	1160997090	560547763	1	387527
516	7290186322	3233194127	2	881
517	4794683735	2813617266	2	864
518	1096230991	39201703	1	70597
519	9746804396	5150908885	1	546102
520	318689833	146815400	2	487
521	4946362299	3839387295	2	627
522	5720238037	1420820639	2	121
523	5454639114	3175647293	1	260536
524	879138558	212676118	1	851541
525	5267597549	2725283644	2	266
526	7978640940	3445128608	2	911
527	5777416694	5026371485	2	49
528	5041203077	761221372	1	682490
529	5877793634	5648370207	2	327
530	7979268550	2236273376	2	489
531	9358777057	3078134255	2	401
532	6592693498	3108736081	2	521
533	8793274520	7225305698	1	286656
534	5164963869	1692947735	2	775
535	2307279891	222876961	1	56387
536	3672920872	977377338	2	298
537	3689662312	772315650	2	334
538	8115624940	2296633772	2	704
539	1197602726	575901289	2	114
540	8337148392	2753810146	1	431427
541	8097701729	3369823696	1	594650
542	7833161997	6832327213	1	182875
543	781021046	497173131	1	384344
544	3548623522	3475344610	1	677585
545	8661697516	7656710387	1	174657
546	7968007983	1653008393	1	237298
547	1435856895	637590397	2	29
548	2575331146	2512224257	2	994
549	9657379121	5393165677	2	728
550	3723754243	1990419526	2	338
551	4793881309	4208017981	2	386
552	4671530090	1653658913	1	44584
553	259084402	171215016	1	964253
554	2835245529	2331795517	1	740803
555	6875379222	2684345640	1	99405
556	2266790209	1630779971	2	106
557	4129910431	2252533265	1	990309
558	9441903810	8148831108	1	536574
559	1790841880	946436400	1	63623
560	1620479808	863511375	2	208
561	6212427262	3673809564	2	702
562	5735806939	5031295252	2	112
563	2898681175	358477459	2	248
564	7635313691	5509701634	1	413595
565	7574977054	322157570	1	421412
566	9880789048	7836679105	2	661
567	8908896524	6840169492	1	711604
568	1182856183	173747799	1	399410
569	4042025210	2426697134	1	340816
570	4449929861	3530830708	1	386635
571	104717732	56999919	1	962103
572	3336302112	2248252426	1	17577
573	5664890789	2002724112	1	131171
574	7810079868	205722988	2	227
575	9072434626	1887507800	1	760363
576	9065200276	5879782861	1	359428
577	5838882011	3438186711	2	988
578	701220650	165727507	1	174457
579	321307811	144636280	1	619933
580	5800529429	4332491478	1	384609
581	411934825	135495109	1	918351
582	5003636702	4554305496	2	248
583	9778761574	8905478158	2	26
584	3952132472	3384833053	1	235879
585	3814524900	1871135110	2	765
586	9108674610	334155202	2	508
587	3311947772	2804896886	1	561542
588	5155220348	843174895	2	646
589	8294703579	711621204	2	403
590	3613829920	1191360212	1	511063
591	6077977212	5805114010	1	185842
592	5540875948	1214786986	2	869
593	8645528312	1330440158	1	319195
594	5185155486	979518689	2	98
595	4026257674	2178565766	1	947506
596	7882014821	62652770	2	738
597	8364531382	3297135713	1	747309
598	2802720476	1743074752	2	1000
599	2611722943	1611850383	2	418
600	4792102331	3741278804	1	641874
601	2497982990	1792859900	2	12
602	4576873719	771567658	1	969682
603	9201221993	5197767722	1	271765
604	4840841210	2845988018	2	852
605	808085614	763943515	1	917005
606	2776826709	2538805657	1	491304
607	3102498416	1197974044	1	467286
608	5555172025	5474590041	2	258
609	3058681112	1696811267	1	168744
610	8232887864	1131138667	2	48
611	7131528594	5486963664	2	667
612	9214377423	4101912908	2	35
613	2819188193	516888921	1	173006
614	3266704153	1221398031	2	1
615	4159238169	426512537	1	706257
616	256210998	125753636	2	812
617	1123531408	972494484	2	179
618	7723526131	7033997867	2	777
619	4280947534	3368807045	1	964403
620	9378339502	1717386373	2	81
621	8518106982	855448826	1	410875
622	8930539077	38873994	2	985
623	3244665097	2844478535	2	105
624	7774142170	6201495079	1	236680
625	2338415475	2171221922	1	464060
626	1743482777	921211088	1	570703
627	2886297852	1406957851	1	62486
628	4172963842	3038109935	1	287206
629	2457710086	2317678079	1	938002
630	15279257	226806	1	197261
631	2636406183	600283375	1	418834
632	708186689	164707770	1	318552
633	377231827	211263310	1	294055
634	9102610881	8763878339	1	350295
635	3907290825	1520349466	1	71492
636	2025231893	198123011	1	253348
637	9699754188	8261412882	1	826831
638	1656282285	796389994	2	396
639	3858945736	3332787909	1	799795
640	3446487332	1437312912	1	355556
641	7447376816	1102284904	1	578391
642	1295395528	478879759	1	715537
643	7884231932	230140024	2	339
644	2924905103	733826725	2	340
645	5761941030	4883952857	2	899
646	8400903562	1809709470	1	188127
647	6645064466	1302636834	1	56865
648	7448747766	765403874	2	23
649	1974479383	517781837	2	997
650	2441125396	1881663594	2	693
651	1862557848	1336138842	1	608229
652	6733587252	1181526832	1	308780
653	8099773484	6139946985	2	331
654	2886246727	700804224	2	577
655	3033525445	2323328387	2	819
656	8749230203	6147457609	1	631913
657	3645178504	1290412158	1	8715
658	1765533722	1069412291	2	756
659	5269917806	3686531306	2	362
660	6520701895	1512225812	1	691463
661	8073623775	279660522	2	349
662	5280436042	2293515597	2	902
663	9904436196	5771044723	1	781228
664	3519765298	381977783	1	505977
665	4495693198	3999408646	1	990382
666	9841211413	4783490555	2	75
667	2598957002	2234609867	2	469
668	3752963538	1644753364	2	839
669	1669659170	1231271906	1	988499
670	9377986474	7627641756	1	315564
671	4752753697	2752862411	2	43
672	2947026553	167951595	2	919
673	4570985331	3404864076	2	438
674	7936683073	2653945383	1	681383
675	4729418091	1100797052	2	321
676	2802028410	2134636802	2	145
677	3185047962	2077626740	2	235
678	7527156400	3807207339	2	481
679	9494672498	7222561728	1	627026
680	2374482663	444329144	1	985915
681	3724375409	1864153104	1	325837
682	3385022661	2805984348	2	768
683	7575455051	2963433181	1	482734
684	6071802286	4704965206	1	961768
685	4902337308	1835453097	2	929
686	46375076	3251522	1	364312
687	8282384490	87464673	2	691
688	2762374902	274033506	1	837597
689	7679272447	7484908189	2	174
690	8748418369	8532266495	2	403
691	8264588813	5100594221	2	574
692	12948352	11502778	2	112
693	866627134	432784898	1	699814
694	3448322973	1951721311	1	18696
695	4445931452	4180020286	1	150710
696	9376308867	2849329052	1	339292
697	7225623640	6244935957	1	380465
698	3441203222	2461956815	2	979
699	5341597793	4979467201	1	716214
700	2323110720	1998115474	1	195304
701	8786167340	1252701840	2	266
702	8483877313	1169942611	2	618
703	809868570	633941382	2	545
704	1210827660	682836839	2	173
705	6088323984	2927265380	2	833
706	2264464821	943129271	1	208657
707	9413925537	3590852404	1	487102
708	3039532323	1159863009	1	590940
709	7092707317	6449062443	1	137067
710	4305100310	608990202	2	809
711	4398763636	185160497	1	997087
712	4934133398	2636008567	2	994
713	2820298340	760384210	1	793698
714	7353130118	2923847675	2	329
715	7291144419	1107079404	1	399276
716	956957713	644732320	1	898107
717	8140069537	7660902963	1	752247
718	1511713483	1323005652	1	48427
719	6873793289	1006704544	2	148
720	9016502593	436644298	1	278019
721	5330701248	127287388	1	587061
722	7944545499	1551739940	2	917
723	6530663243	2561363807	1	239960
724	4157509247	1444448591	1	829406
725	6966447551	3729090208	1	112755
726	5733768490	1091949026	2	443
727	2272805397	2075091974	1	510688
728	7460020079	2889044716	2	320
729	3619464182	335591064	2	956
730	3924067570	2089495928	1	692269
731	4549806337	3800279663	1	892994
732	810734236	525511853	2	83
733	9037608075	5434692192	2	921
734	7441448421	644868650	1	702105
735	2931058557	2432787101	1	281873
736	2116817876	2116262	2	242
737	9809415273	8106677562	2	162
738	6485515963	4156316473	1	306365
739	5435552511	2773260786	2	961
740	6975525687	953914393	1	317415
741	8030747832	1451659466	1	110626
742	5297633776	3287584455	1	375877
743	4145677547	1107372723	1	171811
744	4428418493	3267233167	2	665
745	8315026602	6066688430	1	162080
746	5975568153	1047265496	2	335
747	8879390122	547201293	2	160
748	1403044456	656903055	1	869628
749	4013655325	3680240160	1	571793
750	1283715781	615036479	2	612
751	5732411153	1241405466	2	624
752	5340119509	4508455570	2	697
753	5113829051	3450251162	2	268
754	9565653737	4066027213	2	227
755	9289522704	7802023758	1	77447
756	9188224402	475556074	1	872275
757	2264664725	210369967	1	201076
758	4406780430	879294388	2	159
759	3389209599	2394994659	1	597034
760	7385801957	4911646076	1	668245
761	704710747	403298206	1	609471
762	2391206857	1976902101	1	167472
763	8218933758	4306540914	1	563794
764	8830036432	596807661	2	157
765	9788143606	8123884078	2	368
766	4100538551	39573448	1	767443
767	4812553688	3486307399	2	797
768	5530026632	458333367	1	776144
769	2288941631	1429319238	1	944798
770	3339145596	3097998842	2	54
771	4482653604	1041367620	2	601
772	4704428108	3522961684	1	115405
773	9438432302	921865770	2	616
774	3310029494	1047070658	2	100
775	5685374784	842727501	1	60994
776	451679855	424155762	1	295594
777	5185219718	1060980157	2	646
778	9441712055	8947380333	1	789755
779	4935769670	4773074652	1	646807
780	5564319744	4037894110	2	512
781	9491916072	7546051275	2	40
782	4938607440	4386739132	1	573028
783	8974628524	3283804554	1	547972
784	5512655835	3449078708	1	550034
785	1592834812	542910513	2	26
786	5029776786	1003455201	1	292553
787	6355376270	690556342	2	633
788	7481061890	1867163269	2	628
789	2958914046	280884050	2	798
790	4994970110	2408716255	2	492
791	9273883339	5180356023	1	218928
792	5299014140	2525273561	2	513
793	6563541216	2917227204	1	92573
794	7009722768	1915345461	2	614
795	5767523938	3728486177	1	120829
796	5850436914	5067513241	1	5439
797	1302721	686202	1	627977
798	999864283	877677012	2	86
799	2521216994	1992318988	1	52948
800	306624673	267336924	2	232
801	8241278062	1680965046	1	953885
802	4935940950	1872148297	2	144
803	7647018299	5115733632	1	48508
804	7150380005	3144356059	2	796
805	8989116133	681046491	2	563
806	3182166141	2323269099	2	982
807	6597219288	1552467615	1	669834
808	2249571144	1721557178	1	857984
809	4867496350	289886908	1	872197
810	3605206577	2561274414	1	946783
811	7163326455	521340319	1	609589
812	3457049742	633527172	1	900308
813	3060213424	2175418505	1	387645
814	4393773377	2253010046	1	288560
815	5630484845	804651014	2	866
816	7899449203	5217502990	1	2003
817	4707800860	3931099798	1	94688
818	5203194029	3924572698	1	61433
819	2203244774	832976862	2	616
820	7602882312	4538342205	1	46241
821	6367987020	5008901320	2	119
822	5227811852	1005783921	1	32997
823	7134461306	4008982573	1	588095
824	66673595	55339780	1	168246
825	9080704740	8861394645	1	62788
826	4627818219	576314270	2	446
827	9248462285	1103695759	1	44025
828	2991611769	86236428	1	392020
829	743000151	470183802	2	136
830	9163329808	6973832121	2	43
831	316997579	54497730	1	437029
832	2496144923	1316046768	2	377
833	7706898984	2003269160	1	407045
834	4763297309	3194234985	2	767
835	3755106332	1093083501	2	251
836	6191067325	321632002	1	521560
837	5329221720	3116989471	1	369815
838	7016072327	4141351046	1	25726
839	4153364364	1195526873	2	515
840	2612798004	2073327786	2	151
841	3633338856	3584886753	1	376012
842	2317834182	1883127332	1	642488
843	4972397197	872669388	2	758
844	9708107561	9570306174	1	923987
845	556175717	122347047	2	202
846	9613352941	4754354843	1	28114
847	5237654984	1241725209	2	850
848	2183586796	1918285723	1	585133
849	2960992946	1795278060	1	78924
850	3732245359	2553711063	2	925
851	5968700548	2380630136	1	615995
852	7737243369	7213299190	2	592
853	803901250	477952248	1	291904
854	162111878	157345080	2	906
855	9388702268	9217623929	2	544
856	3011057147	2170091199	2	782
857	5291058819	103664268	2	634
858	9687762944	1750609118	2	630
859	3114920836	2805981974	2	35
860	7145151916	4954157529	2	897
861	8036457389	924626510	2	588
862	6279710025	5379846099	1	289859
863	5287685047	5281852985	2	73
864	352978830	7461357	1	336460
865	1663789499	272838167	1	75784
866	4291654368	3012600166	1	871298
867	7746345143	2778156517	1	834751
868	7065042707	1968853163	2	783
869	8722720703	2757932361	1	197866
870	63816147	53899296	1	34809
871	3468061393	307370130	2	104
872	9803339340	8194717150	1	439379
873	8352414691	7615515741	1	457086
874	2168894689	906784570	1	237256
875	2825113074	1677477176	1	254910
876	7804447584	3190988197	1	175043
877	8316581848	1275985000	1	79883
878	6234553077	796761346	2	598
879	3830908788	2836992221	2	232
880	187406467	129672399	2	162
881	6536956310	1166987806	1	823217
882	2858610758	1692827229	2	176
883	5854271545	4997845293	2	94
884	4521916311	3078496163	1	461809
885	90713654	16393285	1	942339
886	3405233399	1850015029	2	209
887	8517197609	6590875476	1	112590
888	5878315629	4266892729	1	214776
889	6467547668	4039194177	2	27
890	7874653324	6668219222	2	862
891	4701635550	774192400	2	239
892	876808487	551659347	2	139
893	235578203	101291390	1	564495
894	1218814347	822262828	2	268
895	2679745073	47456172	1	645697
896	2926264671	726794819	2	546
897	9285305771	404814106	2	97
898	8493553213	7193945894	1	425630
899	1770612570	1331348450	2	507
900	3818394403	675395723	1	218433
901	4555822812	3654694494	2	358
902	5740046946	2767003148	1	4967
903	5865817965	2964972234	2	938
904	9015731787	7054355099	2	780
905	7914838400	4926713624	2	637
906	1592039921	1221200021	2	817
907	4003989783	1492123118	2	981
908	6419773559	4189859066	1	361472
909	2964270154	1329363542	2	129
910	3096634574	528407044	2	385
911	4732431969	4307765018	2	468
912	1278942340	667661320	1	11918
913	3555772484	96054328	1	896388
914	6018263230	4377820516	1	479053
915	5128952089	4163191319	2	389
916	7605517932	7523586829	1	87275
917	7794811920	2220287622	1	982140
918	5681832607	4971660881	2	448
919	6318111607	1016407679	2	525
920	4968776274	3700381268	1	739932
921	9601121932	3195149389	2	330
922	2276563725	70184171	1	414401
923	3613003314	3176352663	2	798
924	336771287	267743708	1	487599
925	7100155194	2802110179	1	20809
926	4294476424	765612995	1	109117
927	5953330097	839105856	2	686
928	6962872567	6846601732	2	312
929	4386324890	297000612	2	649
930	7874413683	2304692967	1	57238
931	8413303374	6761824575	1	666063
932	6003520072	4381198093	2	47
933	751658424	121028830	2	957
934	7482566844	2827650472	2	79
935	5996679273	4115917846	1	27923
936	1250795022	889784297	2	897
937	2269169778	867910927	2	266
938	1023895851	864599125	1	461370
939	8109157576	2207049303	1	895070
940	9488727162	6421168967	1	894164
941	1386418597	150961696	2	822
942	4913792270	1790396758	1	159863
943	3854927015	2747864902	2	890
944	8826054714	7633127040	1	376371
945	7036653477	4418795055	1	411120
946	5414587768	162881030	1	446217
947	501398639	489963818	1	684034
948	3451359652	21523690	1	369585
949	2943851225	2445124266	1	522295
950	6187978391	3560551172	1	76170
951	6501812999	4254043362	1	912655
952	6881237043	37039310	2	672
953	4736699553	2004417613	2	330
954	476660811	155409718	1	289197
955	6539936546	5061819034	1	797029
956	951904217	672505363	2	54
957	2696974530	2058305663	2	489
958	7816854666	1694902592	2	257
959	6812557475	4883837254	2	656
960	1232409269	648693041	2	863
961	2469423918	2132967469	1	200267
962	6503600624	6559031	2	579
963	3597612288	1792540161	1	735590
964	6578239195	5087589988	1	638159
965	7294725469	2184680568	2	338
966	5648620835	5406489715	2	34
967	2110248940	596123577	2	437
968	3763020137	2068914182	1	607445
969	7092619938	3248052039	2	403
970	696068633	689094298	1	451797
971	1719010280	1184112751	2	977
972	8357084444	284738174	1	389034
973	8065122000	4127825664	1	273488
974	9683237496	3341527517	2	834
975	9823389838	9544257040	2	353
976	9195704569	7688005579	2	73
977	6178421175	4161230939	2	265
978	8390167485	2710915572	1	880457
979	3591199709	512696987	2	220
980	4295396027	3413772177	2	136
981	8799746222	2688585067	1	418489
982	3182957734	2599109658	2	811
983	9157521686	7661991035	1	313878
984	1753146769	816929600	1	483706
985	80087983	4503137	1	60718
986	4704712055	3258932829	1	651097
987	1471474672	1232157328	1	773299
988	7846855492	5003226435	2	686
989	7908027177	2443206098	2	767
990	6932611573	4080971047	2	148
991	9569486152	1243330593	1	307549
992	6535602122	1882687656	2	554
993	4186636649	1828484653	2	936
994	3337250192	1483066518	2	627
995	5219618107	1748665397	2	59
996	3680176707	2041849742	1	55210
997	9070401246	7527420086	2	543
998	4867347538	4126810645	2	335
999	8304509714	3406496436	1	305617
1000	5632279048	4213193580	1	84171
