1	18
1	19
1	20
1	21
1	22
1	23
1	24
2	20
2	21
2	22
2	23
2	24
2	25
2	26
2	27
3	2
3	3
3	4
4	73
4	74
5	46
5	47
5	48
5	49
5	50
6	35
6	36
6	37
6	38
6	39
6	40
6	41
6	42
6	43
7	65
7	66
7	67
7	68
7	69
7	70
8	85
8	86
8	87
8	88
8	89
8	90
8	91
8	92
8	93
8	94
8	95
9	14
9	15
9	16
9	17
9	18
9	19
9	20
9	21
9	22
9	23
10	86
10	87
10	88
10	89
10	90
10	91
10	92
10	93
10	94
10	95
10	96
11	88
11	89
11	90
11	91
11	92
12	55
12	56
12	57
12	58
12	59
13	16
13	17
13	18
13	19
13	20
14	40
14	41
14	42
14	43
14	44
14	45
14	46
14	47
14	48
15	56
15	57
15	58
15	59
15	60
15	61
15	62
15	63
15	64
16	64
16	65
16	66
16	67
16	68
16	69
16	70
16	71
16	72
16	73
16	74
17	49
17	50
17	51
17	52
17	53
17	54
18	53
18	54
18	55
19	74
19	75
20	48
20	49
20	50
20	51
20	52
20	53
20	54
20	55
20	56
20	57
20	58
21	29
21	30
22	45
22	46
22	47
22	48
22	49
22	50
22	51
23	18
23	19
23	20
23	21
23	22
23	23
23	24
24	61
24	62
24	63
24	64
24	65
24	66
25	43
25	44
25	45
25	46
25	47
25	48
25	49
25	50
25	51
25	52
25	53
26	25
26	26
26	27
27	65
27	66
27	67
27	68
27	69
27	70
27	71
27	72
27	73
27	74
27	75
28	25
28	26
29	1
29	2
29	3
29	4
30	90
30	91
30	92
30	93
30	94
30	95
31	12
31	13
31	14
31	15
31	16
32	44
32	45
32	46
32	47
32	48
32	49
32	50
33	39
33	40
33	41
33	42
34	5
34	6
34	7
34	8
34	9
35	8
35	9
35	10
35	11
36	74
36	75
36	76
36	77
36	78
36	79
36	80
36	81
37	51
37	52
37	53
37	54
37	55
37	56
37	57
38	76
38	77
38	78
38	79
38	80
38	81
38	82
39	63
39	64
39	65
39	66
39	67
40	7
40	8
40	9
40	10
40	11
40	12
40	13
40	14
40	15
40	16
41	18
41	19
41	20
41	21
41	22
41	23
41	24
41	25
42	36
42	37
42	38
42	39
42	40
42	41
43	48
43	49
43	50
43	51
43	52
44	19
44	20
45	32
45	33
45	34
46	78
46	79
46	80
46	81
46	82
46	83
46	84
46	85
46	86
47	38
47	39
47	40
47	41
48	27
48	28
48	29
48	30
48	31
48	32
49	61
49	62
49	63
49	64
49	65
49	66
49	67
50	75
50	76
50	77
50	78
50	79
50	80
50	81
50	82
50	83
50	84
51	70
51	71
51	72
51	73
51	74
51	75
51	76
51	77
51	78
51	79
51	80
52	11
52	12
52	13
52	14
52	15
52	16
52	17
52	18
52	19
52	20
52	21
53	29
53	30
53	31
53	32
53	33
53	34
54	31
54	32
54	33
55	16
55	17
55	18
55	19
55	20
55	21
55	22
55	23
56	12
56	13
56	14
56	15
56	16
56	17
56	18
56	19
56	20
56	21
57	15
57	16
57	17
57	18
57	19
57	20
57	21
57	22
57	23
57	24
57	25
58	77
58	78
59	12
59	13
59	14
59	15
59	16
59	17
60	60
60	61
60	62
60	63
61	33
61	34
61	35
61	36
61	37
61	38
62	9
62	10
62	11
62	12
62	13
62	14
62	15
62	16
62	17
62	18
62	19
63	29
63	30
64	12
64	13
64	14
64	15
64	16
64	17
64	18
64	19
64	20
65	44
65	45
65	46
66	59
66	60
66	61
66	62
66	63
66	64
67	46
67	47
67	48
67	49
67	50
67	51
67	52
68	29
68	30
68	31
68	32
68	33
68	34
68	35
69	62
69	63
69	64
69	65
69	66
70	12
70	13
70	14
70	15
71	50
71	51
71	52
71	53
71	54
71	55
71	56
71	57
71	58
72	88
72	89
72	90
72	91
72	92
72	93
72	94
72	95
72	96
72	97
72	98
73	18
73	19
73	20
73	21
74	70
74	71
74	72
74	73
74	74
74	75
74	76
75	94
75	95
75	96
75	97
76	53
76	54
76	55
76	56
77	75
77	76
77	77
77	78
77	79
78	36
78	37
78	38
78	39
79	49
79	50
79	51
79	52
80	41
80	42
80	43
80	44
80	45
80	46
80	47
80	48
81	74
81	75
81	76
81	77
81	78
81	79
81	80
81	81
81	82
81	83
82	74
82	75
82	76
82	77
83	52
83	53
83	54
83	55
83	56
83	57
83	58
84	51
84	52
84	53
84	54
84	55
84	56
84	57
85	68
85	69
85	70
86	66
86	67
87	44
87	45
87	46
87	47
87	48
88	48
88	49
88	50
88	51
88	52
88	53
88	54
88	55
88	56
89	30
89	31
89	32
89	33
89	34
89	35
89	36
89	37
89	38
89	39
89	40
90	50
90	51
90	52
90	53
90	54
90	55
91	66
91	67
91	68
91	69
92	21
92	22
92	23
92	24
92	25
92	26
92	27
92	28
92	29
92	30
92	31
93	32
93	33
93	34
94	89
94	90
95	19
95	20
95	21
95	22
95	23
95	24
95	25
95	26
96	59
96	60
96	61
96	62
96	63
96	64
96	65
96	66
96	67
96	68
97	85
97	86
97	87
97	88
97	89
97	90
97	91
97	92
98	52
98	53
98	54
99	67
99	68
99	69
99	70
99	71
99	72
99	73
99	74
99	75
99	76
99	77
100	69
100	70
100	71
100	72
100	73
100	74
100	75
100	76
100	77
100	78
100	79
101	1
101	2
101	3
101	4
101	5
101	6
101	7
101	8
101	9
102	15
102	16
102	17
102	18
102	19
102	20
102	21
102	22
102	23
102	24
102	25
103	35
103	36
103	37
103	38
103	39
103	40
103	41
103	42
104	3
104	4
104	5
104	6
105	77
105	78
105	79
105	80
105	81
105	82
105	83
105	84
105	85
105	86
105	87
106	65
106	66
106	67
106	68
106	69
106	70
106	71
107	94
107	95
107	96
107	97
107	98
108	19
108	20
108	21
108	22
108	23
109	8
109	9
109	10
109	11
109	12
109	13
109	14
109	15
109	16
110	80
110	81
110	82
110	83
110	84
110	85
111	86
111	87
112	50
112	51
112	52
113	6
113	7
113	8
113	9
113	10
113	11
113	12
113	13
113	14
113	15
113	16
114	77
114	78
115	4
115	5
115	6
115	7
116	67
116	68
116	69
116	70
116	71
116	72
116	73
116	74
116	75
117	40
117	41
117	42
117	43
118	80
118	81
118	82
118	83
118	84
118	85
118	86
119	39
119	40
119	41
119	42
119	43
119	44
119	45
119	46
119	47
119	48
120	22
120	23
120	24
120	25
120	26
120	27
121	5
121	6
121	7
121	8
121	9
121	10
121	11
121	12
121	13
121	14
122	75
122	76
122	77
122	78
122	79
122	80
122	81
122	82
122	83
123	52
123	53
123	54
123	55
123	56
123	57
123	58
123	59
123	60
123	61
124	16
124	17
124	18
124	19
124	20
124	21
124	22
124	23
124	24
124	25
125	26
125	27
125	28
125	29
125	30
125	31
125	32
126	46
126	47
126	48
126	49
126	50
126	51
126	52
126	53
126	54
126	55
127	14
127	15
127	16
127	17
127	18
127	19
128	11
128	12
128	13
128	14
128	15
128	16
128	17
128	18
128	19
129	63
129	64
130	80
130	81
131	71
131	72
131	73
131	74
132	54
132	55
132	56
132	57
132	58
132	59
133	17
133	18
133	19
133	20
133	21
133	22
133	23
133	24
133	25
133	26
133	27
134	19
134	20
134	21
134	22
135	51
135	52
135	53
136	96
136	97
136	98
136	99
137	54
137	55
137	56
138	71
138	72
138	73
138	74
138	75
139	41
139	42
139	43
139	44
139	45
139	46
139	47
140	1
140	2
140	3
140	4
140	5
140	6
140	7
140	8
140	9
140	10
141	44
141	45
141	46
141	47
141	48
141	49
141	50
141	51
141	52
141	53
142	45
142	46
142	47
142	48
142	49
142	50
142	51
142	52
143	32
143	33
143	34
143	35
143	36
143	37
143	38
143	39
144	72
144	73
144	74
144	75
144	76
144	77
144	78
144	79
144	80
144	81
145	23
145	24
145	25
145	26
145	27
146	96
146	97
147	29
147	30
147	31
147	32
147	33
147	34
148	16
148	17
148	18
148	19
148	20
149	55
149	56
149	57
150	36
150	37
151	36
151	37
151	38
151	39
151	40
151	41
151	42
151	43
151	44
151	45
152	78
152	79
152	80
152	81
152	82
152	83
152	84
152	85
152	86
152	87
153	77
153	78
153	79
154	35
154	36
154	37
154	38
154	39
154	40
154	41
154	42
154	43
155	75
155	76
155	77
155	78
155	79
155	80
155	81
155	82
155	83
155	84
156	55
156	56
156	57
157	86
157	87
158	66
158	67
159	55
159	56
160	32
160	33
160	34
160	35
160	36
160	37
160	38
161	28
161	29
161	30
161	31
161	32
161	33
161	34
161	35
161	36
161	37
162	3
162	4
163	11
163	12
163	13
164	41
164	42
164	43
164	44
164	45
164	46
164	47
164	48
165	92
165	93
166	4
166	5
166	6
166	7
166	8
166	9
166	10
166	11
167	42
167	43
167	44
168	33
168	34
168	35
168	36
168	37
168	38
168	39
168	40
168	41
169	24
169	25
169	26
169	27
169	28
169	29
169	30
169	31
170	74
170	75
170	76
170	77
170	78
171	26
171	27
171	28
171	29
171	30
172	27
172	28
172	29
172	30
172	31
172	32
173	5
173	6
174	92
174	93
174	94
174	95
174	96
174	97
174	98
174	99
174	100
175	96
175	97
175	98
175	99
175	100
176	75
176	76
177	27
177	28
177	29
177	30
177	31
177	32
177	33
178	88
178	89
178	90
178	91
178	92
178	93
178	94
178	95
178	96
178	97
179	6
179	7
179	8
179	9
179	10
179	11
180	67
180	68
181	36
181	37
181	38
181	39
181	40
181	41
181	42
181	43
181	44
181	45
181	46
182	75
182	76
182	77
183	19
183	20
183	21
184	34
184	35
184	36
184	37
184	38
184	39
185	9
185	10
186	68
186	69
186	70
186	71
186	72
186	73
186	74
187	23
187	24
187	25
187	26
187	27
187	28
187	29
187	30
187	31
187	32
187	33
188	61
188	62
188	63
188	64
189	10
189	11
189	12
189	13
189	14
189	15
189	16
189	17
189	18
190	48
190	49
190	50
190	51
190	52
190	53
190	54
190	55
190	56
190	57
191	19
191	20
192	12
192	13
193	41
193	42
193	43
193	44
193	45
194	69
194	70
194	71
194	72
194	73
194	74
194	75
194	76
194	77
194	78
195	65
195	66
195	67
195	68
195	69
195	70
195	71
195	72
196	12
196	13
196	14
196	15
196	16
196	17
196	18
196	19
196	20
197	75
197	76
197	77
198	13
198	14
198	15
198	16
198	17
198	18
198	19
198	20
199	31
199	32
199	33
199	34
199	35
199	36
199	37
199	38
199	39
200	51
200	52
200	53
200	54
200	55
200	56
201	8
201	9
202	97
202	98
202	99
202	100
203	37
203	38
203	39
203	40
203	41
203	42
203	43
203	44
204	25
204	26
204	27
204	28
204	29
204	30
204	31
205	93
205	94
205	95
205	96
206	4
206	5
206	6
206	7
206	8
207	37
207	38
207	39
207	40
207	41
207	42
207	43
207	44
208	50
208	51
208	52
208	53
208	54
208	55
208	56
208	57
209	50
209	51
209	52
209	53
209	54
209	55
209	56
209	57
209	58
209	59
210	14
210	15
210	16
211	50
211	51
211	52
211	53
211	54
212	74
212	75
212	76
212	77
212	78
212	79
212	80
212	81
213	21
213	22
213	23
213	24
213	25
213	26
213	27
213	28
214	48
214	49
215	6
215	7
215	8
215	9
215	10
215	11
215	12
215	13
215	14
215	15
216	83
216	84
216	85
216	86
216	87
216	88
217	79
217	80
217	81
217	82
217	83
217	84
217	85
217	86
217	87
218	68
218	69
218	70
218	71
218	72
218	73
218	74
218	75
218	76
219	4
219	5
219	6
219	7
219	8
219	9
219	10
219	11
219	12
219	13
220	53
220	54
220	55
220	56
220	57
220	58
220	59
220	60
220	61
221	25
221	26
221	27
221	28
221	29
221	30
221	31
221	32
221	33
221	34
222	92
222	93
222	94
222	95
222	96
222	97
222	98
222	99
223	61
223	62
224	97
224	98
224	99
225	26
225	27
225	28
225	29
225	30
225	31
226	91
226	92
226	93
226	94
226	95
226	96
226	97
226	98
227	56
227	57
227	58
227	59
227	60
227	61
227	62
228	95
228	96
229	41
229	42
230	29
230	30
230	31
230	32
230	33
230	34
230	35
230	36
230	37
230	38
231	10
231	11
231	12
231	13
231	14
231	15
231	16
231	17
231	18
231	19
231	20
232	17
232	18
232	19
232	20
232	21
232	22
232	23
232	24
232	25
232	26
232	27
233	48
233	49
233	50
233	51
233	52
233	53
233	54
233	55
233	56
233	57
234	74
234	75
235	1
235	2
235	3
235	4
235	5
235	6
236	20
236	21
236	22
236	23
236	24
236	25
236	26
236	27
237	34
237	35
237	36
237	37
237	38
237	39
237	40
237	41
237	42
237	43
238	17
238	18
238	19
238	20
238	21
238	22
238	23
238	24
238	25
238	26
239	13
239	14
239	15
239	16
239	17
239	18
239	19
239	20
239	21
239	22
240	66
240	67
240	68
240	69
240	70
241	59
241	60
241	61
241	62
241	63
241	64
241	65
241	66
241	67
242	82
242	83
242	84
243	54
243	55
243	56
243	57
243	58
243	59
243	60
243	61
243	62
243	63
244	6
244	7
244	8
244	9
244	10
244	11
244	12
245	12
245	13
245	14
245	15
245	16
245	17
245	18
246	41
246	42
246	43
246	44
246	45
246	46
246	47
246	48
246	49
247	27
247	28
247	29
247	30
247	31
247	32
247	33
247	34
248	77
248	78
248	79
248	80
248	81
248	82
248	83
248	84
249	85
249	86
249	87
249	88
250	23
250	24
250	25
250	26
250	27
250	28
250	29
250	30
250	31
251	58
251	59
251	60
251	61
251	62
251	63
251	64
251	65
251	66
251	67
251	68
252	45
252	46
252	47
252	48
252	49
252	50
252	51
252	52
252	53
253	82
253	83
253	84
253	85
253	86
253	87
253	88
253	89
253	90
253	91
253	92
254	30
254	31
254	32
254	33
255	25
255	26
255	27
256	23
256	24
256	25
256	26
256	27
256	28
256	29
256	30
256	31
257	20
257	21
257	22
258	52
258	53
258	54
258	55
258	56
258	57
258	58
259	80
259	81
259	82
259	83
260	88
260	89
260	90
260	91
260	92
260	93
260	94
260	95
260	96
260	97
260	98
261	91
261	92
262	5
262	6
262	7
262	8
262	9
262	10
262	11
263	72
263	73
263	74
264	55
264	56
264	57
264	58
264	59
264	60
264	61
264	62
264	63
264	64
265	23
265	24
265	25
265	26
265	27
265	28
265	29
265	30
266	66
266	67
266	68
266	69
266	70
266	71
266	72
266	73
267	35
267	36
267	37
268	6
268	7
268	8
268	9
268	10
268	11
268	12
269	81
269	82
269	83
269	84
269	85
270	49
270	50
270	51
270	52
270	53
270	54
270	55
271	86
271	87
271	88
271	89
272	8
272	9
272	10
272	11
272	12
273	82
273	83
273	84
273	85
273	86
274	3
274	4
274	5
274	6
274	7
274	8
274	9
275	48
275	49
275	50
275	51
276	72
276	73
276	74
276	75
276	76
276	77
277	83
277	84
277	85
277	86
277	87
277	88
277	89
278	26
278	27
278	28
278	29
278	30
278	31
278	32
278	33
278	34
279	27
279	28
279	29
279	30
279	31
280	72
280	73
280	74
280	75
280	76
280	77
280	78
280	79
280	80
280	81
280	82
281	17
281	18
281	19
281	20
281	21
281	22
281	23
281	24
281	25
282	2
282	3
282	4
282	5
282	6
282	7
283	28
283	29
283	30
284	39
284	40
284	41
284	42
284	43
284	44
284	45
284	46
285	49
285	50
285	51
285	52
285	53
285	54
285	55
285	56
285	57
285	58
286	24
286	25
287	26
287	27
288	79
288	80
288	81
289	4
289	5
289	6
289	7
289	8
289	9
289	10
289	11
289	12
290	34
290	35
290	36
290	37
290	38
290	39
290	40
290	41
291	88
291	89
291	90
291	91
291	92
291	93
291	94
292	46
292	47
292	48
292	49
292	50
292	51
293	65
293	66
293	67
293	68
293	69
293	70
293	71
293	72
293	73
293	74
293	75
294	90
294	91
294	92
294	93
294	94
294	95
294	96
294	97
294	98
294	99
294	100
295	68
295	69
295	70
295	71
295	72
296	12
296	13
296	14
296	15
297	34
297	35
298	90
298	91
298	92
299	21
299	22
299	23
299	24
299	25
299	26
299	27
299	28
299	29
299	30
299	31
300	29
300	30
300	31
300	32
300	33
300	34
300	35
300	36
300	37
300	38
301	7
301	8
302	21
302	22
303	37
303	38
303	39
303	40
303	41
303	42
304	26
304	27
304	28
304	29
304	30
304	31
304	32
304	33
304	34
305	45
305	46
305	47
305	48
305	49
306	31
306	32
306	33
307	48
307	49
307	50
307	51
307	52
307	53
307	54
307	55
307	56
308	61
308	62
308	63
308	64
308	65
308	66
308	67
308	68
308	69
309	31
309	32
310	38
310	39
310	40
310	41
310	42
310	43
310	44
310	45
310	46
311	50
311	51
311	52
311	53
311	54
311	55
312	83
312	84
312	85
312	86
312	87
313	9
313	10
313	11
313	12
313	13
313	14
313	15
314	28
314	29
314	30
314	31
314	32
314	33
314	34
315	38
315	39
315	40
315	41
315	42
315	43
315	44
316	30
316	31
316	32
316	33
316	34
316	35
316	36
316	37
316	38
316	39
317	55
317	56
317	57
317	58
318	13
318	14
318	15
318	16
318	17
318	18
318	19
318	20
318	21
318	22
318	23
319	89
319	90
319	91
319	92
320	26
320	27
320	28
320	29
320	30
320	31
320	32
320	33
320	34
320	35
320	36
321	35
321	36
321	37
321	38
321	39
321	40
321	41
322	62
322	63
322	64
322	65
322	66
322	67
322	68
323	80
323	81
323	82
323	83
324	32
324	33
324	34
325	23
325	24
325	25
325	26
325	27
325	28
325	29
326	81
326	82
326	83
326	84
326	85
326	86
326	87
326	88
326	89
327	3
327	4
328	68
328	69
328	70
328	71
328	72
328	73
328	74
328	75
329	28
329	29
330	15
330	16
330	17
331	5
331	6
331	7
331	8
331	9
332	62
332	63
332	64
332	65
332	66
332	67
332	68
332	69
332	70
332	71
332	72
333	40
333	41
333	42
333	43
333	44
333	45
333	46
333	47
333	48
334	35
334	36
334	37
334	38
334	39
334	40
334	41
334	42
334	43
334	44
334	45
335	61
335	62
335	63
335	64
335	65
335	66
335	67
335	68
336	77
336	78
336	79
336	80
336	81
336	82
336	83
336	84
336	85
336	86
336	87
337	29
337	30
337	31
337	32
337	33
337	34
337	35
337	36
338	45
338	46
338	47
338	48
338	49
338	50
339	31
339	32
339	33
339	34
339	35
339	36
340	35
340	36
340	37
340	38
340	39
340	40
340	41
340	42
341	68
341	69
341	70
341	71
341	72
342	25
342	26
342	27
343	14
343	15
343	16
344	15
344	16
344	17
344	18
344	19
344	20
344	21
344	22
344	23
345	84
345	85
345	86
346	48
346	49
346	50
346	51
346	52
347	71
347	72
347	73
347	74
347	75
347	76
347	77
347	78
347	79
347	80
348	33
348	34
348	35
348	36
348	37
348	38
348	39
349	1
349	2
349	3
349	4
349	5
349	6
349	7
349	8
350	53
350	54
350	55
350	56
350	57
350	58
350	59
350	60
350	61
350	62
351	51
351	52
351	53
351	54
352	64
352	65
352	66
352	67
352	68
352	69
352	70
352	71
353	14
353	15
353	16
353	17
353	18
353	19
353	20
353	21
353	22
353	23
354	12
354	13
354	14
354	15
354	16
354	17
355	80
355	81
355	82
355	83
355	84
355	85
355	86
355	87
355	88
355	89
355	90
356	66
356	67
357	76
357	77
357	78
357	79
357	80
357	81
357	82
357	83
357	84
357	85
358	7
358	8
358	9
358	10
358	11
358	12
359	60
359	61
360	26
360	27
360	28
360	29
361	22
361	23
361	24
362	86
362	87
363	45
363	46
363	47
363	48
363	49
363	50
363	51
363	52
363	53
363	54
363	55
364	9
364	10
364	11
364	12
364	13
364	14
364	15
364	16
364	17
364	18
364	19
365	90
365	91
365	92
366	3
366	4
366	5
366	6
366	7
366	8
366	9
366	10
366	11
366	12
367	81
367	82
367	83
368	39
368	40
368	41
368	42
368	43
368	44
368	45
368	46
368	47
368	48
369	34
369	35
369	36
369	37
369	38
369	39
370	55
370	56
371	59
371	60
371	61
371	62
371	63
372	66
372	67
372	68
372	69
372	70
372	71
372	72
372	73
372	74
373	36
373	37
373	38
373	39
373	40
373	41
373	42
373	43
373	44
374	4
374	5
374	6
375	76
375	77
375	78
375	79
376	44
376	45
376	46
376	47
376	48
376	49
376	50
376	51
376	52
377	58
377	59
377	60
378	49
378	50
378	51
378	52
379	13
379	14
380	68
380	69
380	70
380	71
380	72
381	85
381	86
381	87
381	88
381	89
381	90
382	86
382	87
382	88
382	89
382	90
383	34
383	35
383	36
383	37
383	38
384	23
384	24
384	25
384	26
384	27
384	28
384	29
385	41
385	42
385	43
385	44
385	45
385	46
386	71
386	72
386	73
386	74
386	75
386	76
386	77
386	78
387	20
387	21
387	22
387	23
387	24
387	25
387	26
387	27
387	28
388	31
388	32
388	33
388	34
388	35
388	36
389	76
389	77
390	92
390	93
390	94
390	95
390	96
391	68
391	69
391	70
392	71
392	72
392	73
392	74
393	41
393	42
393	43
393	44
393	45
393	46
393	47
393	48
393	49
393	50
394	74
394	75
394	76
394	77
394	78
394	79
394	80
394	81
395	68
395	69
395	70
395	71
395	72
395	73
396	5
396	6
396	7
396	8
396	9
396	10
396	11
396	12
397	82
397	83
397	84
397	85
397	86
397	87
397	88
397	89
397	90
397	91
397	92
398	76
398	77
398	78
398	79
398	80
398	81
398	82
398	83
398	84
399	64
399	65
399	66
399	67
399	68
399	69
399	70
399	71
399	72
399	73
399	74
400	32
400	33
400	34
400	35
400	36
400	37
400	38
400	39
400	40
401	5
401	6
401	7
401	8
401	9
402	17
402	18
402	19
402	20
402	21
402	22
402	23
403	55
403	56
403	57
403	58
403	59
403	60
403	61
404	6
404	7
404	8
404	9
404	10
404	11
404	12
404	13
405	35
405	36
405	37
405	38
405	39
405	40
406	6
406	7
407	80
407	81
407	82
408	84
408	85
408	86
408	87
408	88
408	89
408	90
409	65
409	66
410	34
410	35
410	36
410	37
410	38
410	39
411	49
411	50
412	72
412	73
412	74
413	1
413	2
413	3
414	49
414	50
414	51
414	52
415	11
415	12
415	13
415	14
416	25
416	26
416	27
416	28
416	29
416	30
416	31
416	32
416	33
417	41
417	42
417	43
417	44
417	45
418	87
418	88
418	89
419	71
419	72
419	73
419	74
419	75
419	76
420	57
420	58
420	59
420	60
420	61
420	62
420	63
420	64
420	65
421	19
421	20
421	21
422	53
422	54
422	55
422	56
422	57
422	58
423	48
423	49
423	50
423	51
423	52
424	27
424	28
424	29
424	30
425	20
425	21
425	22
425	23
425	24
425	25
425	26
426	64
426	65
426	66
426	67
426	68
426	69
426	70
426	71
426	72
427	21
427	22
427	23
427	24
427	25
428	80
428	81
428	82
428	83
428	84
428	85
428	86
428	87
429	59
429	60
429	61
429	62
429	63
430	93
430	94
430	95
430	96
430	97
430	98
430	99
430	100
431	95
431	96
431	97
432	85
432	86
432	87
432	88
432	89
432	90
432	91
433	76
433	77
433	78
433	79
433	80
433	81
433	82
433	83
434	27
434	28
434	29
434	30
434	31
434	32
434	33
434	34
435	97
435	98
436	81
436	82
436	83
436	84
436	85
436	86
437	8
437	9
438	13
438	14
438	15
438	16
438	17
438	18
438	19
438	20
438	21
439	39
439	40
439	41
439	42
439	43
439	44
439	45
439	46
440	79
440	80
440	81
440	82
440	83
440	84
440	85
440	86
440	87
440	88
440	89
441	15
441	16
441	17
442	76
442	77
442	78
442	79
442	80
442	81
442	82
442	83
442	84
443	44
443	45
443	46
443	47
443	48
443	49
443	50
443	51
443	52
443	53
443	54
444	40
444	41
444	42
444	43
444	44
444	45
444	46
444	47
444	48
444	49
445	71
445	72
445	73
445	74
445	75
446	82
446	83
446	84
446	85
446	86
446	87
446	88
446	89
446	90
446	91
446	92
447	69
447	70
447	71
447	72
447	73
447	74
447	75
447	76
448	63
448	64
448	65
448	66
449	17
449	18
449	19
449	20
449	21
449	22
449	23
449	24
449	25
450	82
450	83
450	84
450	85
451	86
451	87
451	88
451	89
452	44
452	45
452	46
452	47
452	48
452	49
453	70
453	71
453	72
453	73
453	74
453	75
453	76
453	77
453	78
453	79
453	80
454	38
454	39
454	40
454	41
454	42
454	43
455	32
455	33
455	34
455	35
455	36
456	3
456	4
456	5
456	6
456	7
456	8
457	75
457	76
458	57
458	58
458	59
458	60
458	61
458	62
458	63
459	73
459	74
460	36
460	37
460	38
460	39
460	40
460	41
460	42
460	43
461	27
461	28
461	29
461	30
461	31
462	25
462	26
462	27
462	28
462	29
462	30
462	31
462	32
462	33
462	34
462	35
463	57
463	58
464	1
464	2
464	3
464	4
464	5
464	6
464	7
464	8
464	9
464	10
465	10
465	11
465	12
465	13
466	21
466	22
466	23
466	24
467	47
467	48
467	49
468	75
468	76
469	25
469	26
469	27
469	28
469	29
469	30
469	31
469	32
469	33
470	61
470	62
470	63
470	64
470	65
470	66
470	67
471	91
471	92
471	93
472	83
472	84
472	85
472	86
472	87
472	88
472	89
472	90
473	11
473	12
473	13
473	14
473	15
474	82
474	83
474	84
474	85
474	86
475	23
475	24
475	25
475	26
475	27
475	28
476	66
476	67
476	68
476	69
476	70
476	71
476	72
476	73
476	74
477	1
477	2
477	3
477	4
477	5
478	56
478	57
478	58
478	59
478	60
478	61
478	62
478	63
478	64
479	5
479	6
479	7
479	8
479	9
479	10
479	11
479	12
479	13
480	5
480	6
480	7
480	8
480	9
480	10
480	11
480	12
481	66
481	67
481	68
481	69
481	70
481	71
481	72
481	73
481	74
482	40
482	41
482	42
482	43
482	44
482	45
482	46
483	70
483	71
483	72
483	73
483	74
483	75
483	76
483	77
483	78
484	24
484	25
484	26
484	27
484	28
484	29
484	30
485	35
485	36
485	37
485	38
486	79
486	80
486	81
486	82
487	16
487	17
487	18
487	19
487	20
488	22
488	23
488	24
488	25
488	26
488	27
488	28
488	29
489	57
489	58
489	59
489	60
490	21
490	22
490	23
491	67
491	68
491	69
491	70
491	71
491	72
491	73
491	74
491	75
491	76
491	77
492	53
492	54
492	55
492	56
492	57
492	58
493	34
493	35
493	36
494	13
494	14
494	15
494	16
494	17
494	18
494	19
494	20
494	21
495	3
495	4
495	5
495	6
495	7
495	8
496	68
496	69
497	9
497	10
497	11
497	12
497	13
497	14
497	15
497	16
498	5
498	6
498	7
498	8
498	9
499	52
499	53
499	54
499	55
499	56
499	57
500	75
500	76
500	77
500	78
500	79
500	80
500	81
500	82
501	73
501	74
501	75
501	76
501	77
501	78
501	79
502	85
502	86
502	87
502	88
503	81
503	82
503	83
503	84
503	85
503	86
504	67
504	68
504	69
504	70
504	71
504	72
504	73
504	74
505	3
505	4
505	5
505	6
505	7
505	8
505	9
505	10
505	11
505	12
505	13
506	29
506	30
506	31
506	32
506	33
506	34
506	35
506	36
507	90
507	91
507	92
507	93
507	94
507	95
507	96
507	97
507	98
507	99
508	35
508	36
508	37
508	38
509	51
509	52
509	53
509	54
509	55
509	56
509	57
509	58
509	59
509	60
510	41
510	42
510	43
510	44
510	45
510	46
510	47
511	79
511	80
511	81
511	82
512	54
512	55
512	56
512	57
512	58
512	59
512	60
512	61
512	62
513	10
513	11
513	12
514	17
514	18
514	19
514	20
515	55
515	56
515	57
515	58
516	43
516	44
516	45
516	46
516	47
516	48
516	49
516	50
516	51
517	39
517	40
518	6
518	7
518	8
518	9
518	10
518	11
518	12
518	13
518	14
519	79
519	80
519	81
519	82
519	83
519	84
519	85
519	86
519	87
520	11
520	12
521	38
521	39
521	40
521	41
521	42
522	94
522	95
522	96
522	97
522	98
522	99
522	100
523	89
523	90
523	91
523	92
523	93
524	74
524	75
524	76
524	77
524	78
524	79
524	80
525	18
525	19
525	20
525	21
525	22
526	83
526	84
526	85
526	86
526	87
527	31
527	32
527	33
527	34
527	35
528	29
528	30
529	14
529	15
529	16
529	17
529	18
529	19
529	20
529	21
529	22
529	23
530	77
530	78
530	79
531	38
531	39
531	40
531	41
531	42
531	43
532	88
532	89
532	90
532	91
532	92
532	93
532	94
532	95
532	96
533	68
533	69
533	70
533	71
533	72
534	47
534	48
534	49
534	50
534	51
534	52
535	80
535	81
535	82
535	83
535	84
535	85
535	86
536	87
536	88
536	89
536	90
536	91
536	92
536	93
537	2
537	3
537	4
537	5
537	6
537	7
537	8
538	59
538	60
539	4
539	5
539	6
539	7
539	8
539	9
539	10
539	11
540	19
540	20
540	21
540	22
541	93
541	94
541	95
541	96
541	97
541	98
541	99
542	60
542	61
542	62
542	63
542	64
542	65
542	66
542	67
542	68
543	37
543	38
543	39
543	40
543	41
543	42
543	43
543	44
543	45
544	34
544	35
544	36
544	37
544	38
544	39
544	40
545	9
545	10
545	11
545	12
545	13
545	14
545	15
545	16
545	17
545	18
546	85
546	86
546	87
547	62
547	63
547	64
547	65
547	66
547	67
547	68
547	69
547	70
548	38
548	39
548	40
548	41
548	42
548	43
548	44
548	45
548	46
548	47
548	48
549	66
549	67
549	68
549	69
549	70
549	71
549	72
549	73
549	74
549	75
550	15
550	16
550	17
550	18
550	19
550	20
550	21
550	22
551	8
551	9
551	10
552	3
552	4
552	5
552	6
552	7
552	8
552	9
552	10
552	11
552	12
552	13
553	86
553	87
553	88
553	89
553	90
553	91
553	92
553	93
553	94
553	95
554	87
554	88
554	89
554	90
554	91
554	92
555	97
555	98
555	99
556	89
556	90
556	91
556	92
557	78
557	79
557	80
557	81
557	82
557	83
558	55
558	56
558	57
558	58
558	59
558	60
558	61
558	62
558	63
558	64
558	65
559	92
559	93
559	94
559	95
559	96
559	97
559	98
559	99
559	100
560	82
560	83
560	84
560	85
560	86
560	87
560	88
560	89
560	90
560	91
560	92
561	43
561	44
561	45
561	46
561	47
561	48
561	49
561	50
561	51
561	52
562	69
562	70
562	71
562	72
563	16
563	17
563	18
563	19
563	20
563	21
563	22
563	23
564	75
564	76
565	33
565	34
566	61
566	62
566	63
567	62
567	63
567	64
567	65
567	66
567	67
567	68
568	17
568	18
568	19
568	20
568	21
568	22
568	23
568	24
568	25
568	26
569	25
569	26
570	28
570	29
570	30
570	31
570	32
571	66
571	67
572	52
572	53
572	54
572	55
572	56
572	57
572	58
572	59
573	14
573	15
573	16
573	17
573	18
573	19
573	20
573	21
574	65
574	66
574	67
574	68
574	69
575	64
575	65
575	66
575	67
575	68
575	69
576	8
576	9
576	10
576	11
576	12
576	13
576	14
576	15
576	16
577	86
577	87
577	88
577	89
577	90
577	91
578	29
578	30
578	31
578	32
578	33
579	12
579	13
579	14
